{
 "cells": [
  {
   "cell_type": "markdown",
   "metadata": {},
   "source": [
    "# An example where a conventional RNN fails, due to a lack of symmetry"
   ]
  },
  {
   "cell_type": "code",
   "execution_count": 1,
   "metadata": {},
   "outputs": [
    {
     "name": "stderr",
     "output_type": "stream",
     "text": [
      "Using TensorFlow backend.\n"
     ]
    }
   ],
   "source": [
    "import numpy as np\n",
    "import tensorflow as tf\n",
    "from tensorflow import keras\n",
    "from tensorflow.keras import layers\n",
    "import matplotlib.pyplot as plt\n",
    "import sys\n",
    "from os import path\n",
    "from keras.utils.np_utils import to_categorical   "
   ]
  },
  {
   "cell_type": "markdown",
   "metadata": {},
   "source": [
    "## Simulate Data\n",
    "$m$ sequences each of length $\\ell$ and binary class $y$.  \n",
    "class $y\\sim \\text{Bernoulli}(0.5)$  \n",
    "\n",
    "$$x=(x_1,\\ldots, x_\\ell)$$\n",
    "$x_i \\sim \\text{Bernoulli}(0.5)$ (iid)\n",
    "Falls $y_i=1$, setze\n",
    "$$x[t..t+10) \\leftarrow 1$$"
   ]
  },
  {
   "cell_type": "code",
   "execution_count": 2,
   "metadata": {},
   "outputs": [],
   "source": [
    "ell = 100\n",
    "m = 5000\n",
    "siglen = 10\n",
    "s=2 # alphabet size"
   ]
  },
  {
   "cell_type": "code",
   "execution_count": 3,
   "metadata": {},
   "outputs": [],
   "source": [
    "np.random.seed(13)\n",
    "\n",
    "# development test data\n",
    "def simulate_data(m, t, oneHot=True, standardize=False):\n",
    "    x = np.random.randint(2, size = m*ell).reshape(m, ell)\n",
    "    y = np.random.randint(2, size = m)\n",
    "    for i in range(m):\n",
    "        if y[i]:\n",
    "            x[i, t:t + siglen] = 1\n",
    "    if oneHot:\n",
    "        x = to_categorical(x, num_classes=2)\n",
    "    if standardize: # is better for SimpleRNN, oneHot or not\n",
    "        x = x - 0.5 # standardize\n",
    "    return x, y"
   ]
  },
  {
   "cell_type": "markdown",
   "metadata": {},
   "source": [
    "## Obtain the training set"
   ]
  },
  {
   "cell_type": "code",
   "execution_count": 4,
   "metadata": {},
   "outputs": [],
   "source": [
    "regenerate = True\n",
    "fname = \"rnn-fail-data.npz\"\n",
    "\n",
    "if regenerate or not path.exists(fname):\n",
    "    # simulate new data\n",
    "    x, y = simulate_data(3, t=20)\n",
    "    np.savez(fname, x=x, y=y)"
   ]
  },
  {
   "cell_type": "code",
   "execution_count": 5,
   "metadata": {},
   "outputs": [
    {
     "name": "stdout",
     "output_type": "stream",
     "text": [
      "y [1 1 1] \n",
      "x (3, 100, 2) [[1. 0.]\n",
      " [1. 0.]\n",
      " [1. 0.]\n",
      " [1. 0.]\n",
      " [1. 0.]\n",
      " [1. 0.]\n",
      " [1. 0.]\n",
      " [0. 1.]\n",
      " [1. 0.]\n",
      " [1. 0.]]\n"
     ]
    }
   ],
   "source": [
    "npzfile = np.load(fname)\n",
    "x = npzfile['x']\n",
    "y = npzfile['y']\n",
    "print (\"y\", y, \"\\nx\", x.shape, x[0,0:10,:])"
   ]
  },
  {
   "cell_type": "markdown",
   "metadata": {},
   "source": [
    "## Build the Model"
   ]
  },
  {
   "cell_type": "code",
   "execution_count": 6,
   "metadata": {},
   "outputs": [],
   "source": [
    "from HMMCell import HMMCell, HMMLayer"
   ]
  },
  {
   "cell_type": "code",
   "execution_count": 7,
   "metadata": {},
   "outputs": [
    {
     "data": {
      "text/plain": [
       "<tf.Tensor: shape=(3, 2), dtype=float32, numpy=\n",
       "array([[ 6.5833330e-04,  1.6456842e-04],\n",
       "       [ 2.6209950e-03,  6.2167645e-04],\n",
       "       [-7.6532364e-05, -5.3644180e-06]], dtype=float32)>"
      ]
     },
     "execution_count": 7,
     "metadata": {},
     "output_type": "execute_result"
    }
   ],
   "source": [
    "seqLayer = HMMLayer(2, 11)\n",
    "seqLayer(x)"
   ]
  },
  {
   "cell_type": "code",
   "execution_count": 8,
   "metadata": {},
   "outputs": [],
   "source": [
    "def get_model(bidirectional = False, seqModelType = \"SimpleRNN\", RNNunits = 32):\n",
    "    model = keras.Sequential()\n",
    "    model.add(layers.InputLayer(input_shape=(None,s)))\n",
    "\n",
    "    if seqModelType == \"HMM\":\n",
    "        seqLayer = HMMLayer(5, 11)\n",
    "    elif seqModelType == \"LSTM\":\n",
    "        seqLayer = layers.LSTM(RNNunits)\n",
    "    elif seqModelType == \"GRU\":\n",
    "        seqLayer = layers.GRU(RNNunits)\n",
    "    elif seqModelType == \"SimpleRNN\":\n",
    "        seqLayer = layers.SimpleRNN(RNNunits)\n",
    "    else:\n",
    "        sys.exit(\"unknown sequence model type \" + seqModelType)\n",
    "\n",
    "    if bidirectional:\n",
    "        seqLayer = layers.Bidirectional(seqLayer)\n",
    "    \n",
    "    model.add(seqLayer)\n",
    "    model.add(layers.Dense(1))\n",
    "    lr = 1e-3\n",
    "    #if seqModelType == \"HMM\":\n",
    "    #    lr = 1e-2\n",
    "    print (f\"lr={lr}\")\n",
    "    model.compile(optimizer = tf.keras.optimizers.Adam(learning_rate = lr),\n",
    "                  loss = tf.keras.losses.BinaryCrossentropy(), metrics = [\"accuracy\"])\n",
    "    return model"
   ]
  },
  {
   "cell_type": "code",
   "execution_count": 9,
   "metadata": {},
   "outputs": [
    {
     "name": "stdout",
     "output_type": "stream",
     "text": [
      "lr=0.001\n",
      "Model: \"sequential\"\n",
      "_________________________________________________________________\n",
      "Layer (type)                 Output Shape              Param #   \n",
      "=================================================================\n",
      "simple_rnn (SimpleRNN)       (None, 32)                1120      \n",
      "_________________________________________________________________\n",
      "dense (Dense)                (None, 1)                 33        \n",
      "=================================================================\n",
      "Total params: 1,153\n",
      "Trainable params: 1,153\n",
      "Non-trainable params: 0\n",
      "_________________________________________________________________\n",
      "lr=0.001\n",
      "Model: \"sequential_1\"\n",
      "_________________________________________________________________\n",
      "Layer (type)                 Output Shape              Param #   \n",
      "=================================================================\n",
      "hmm_layer_1 (HMMLayer)       (None, 5)                 770       \n",
      "_________________________________________________________________\n",
      "dense_1 (Dense)              (None, 1)                 6         \n",
      "=================================================================\n",
      "Total params: 776\n",
      "Trainable params: 776\n",
      "Non-trainable params: 0\n",
      "_________________________________________________________________\n",
      "transition matrices A:\n",
      " [[[0.08887 0.0923  0.09408 0.0925  0.09158 0.08783 0.0877  0.09336 0.09246 0.08847 0.09084]\n",
      "  [0.09285 0.086   0.0935  0.08829 0.0874  0.09152 0.09059 0.09133 0.08889 0.09493 0.09471]\n",
      "  [0.09214 0.09259 0.08685 0.08955 0.09306 0.09013 0.088   0.09107 0.09327 0.09449 0.08885]\n",
      "  [0.09082 0.09495 0.08881 0.09246 0.09079 0.08811 0.09232 0.09452 0.09017 0.08808 0.08896]\n",
      "  [0.09414 0.09102 0.09105 0.08766 0.08853 0.09317 0.09285 0.09304 0.08868 0.08646 0.09339]\n",
      "  [0.08737 0.09405 0.0941  0.08594 0.09003 0.09326 0.08866 0.08937 0.09292 0.09252 0.09177]\n",
      "  [0.08885 0.08899 0.08975 0.09162 0.08952 0.09163 0.08966 0.08898 0.09238 0.09671 0.09191]\n",
      "  [0.09024 0.08865 0.08795 0.09252 0.08963 0.09377 0.08952 0.09611 0.08985 0.09206 0.0897 ]\n",
      "  [0.0904  0.08939 0.09109 0.08864 0.09166 0.09492 0.09013 0.09299 0.08882 0.08976 0.09221]\n",
      "  [0.09512 0.09314 0.08677 0.09444 0.09315 0.09389 0.09224 0.08912 0.08705 0.08816 0.08692]\n",
      "  [0.09012 0.09463 0.09088 0.09308 0.09268 0.08984 0.08794 0.08828 0.08794 0.09028 0.09432]]\n",
      "\n",
      " [[0.08892 0.09089 0.08839 0.09098 0.09208 0.09089 0.09072 0.09075 0.09178 0.09234 0.09225]\n",
      "  [0.08754 0.08871 0.092   0.09421 0.0911  0.09067 0.08731 0.09522 0.0953  0.0865  0.09145]\n",
      "  [0.09164 0.08893 0.08765 0.0946  0.09499 0.09024 0.08735 0.08893 0.09332 0.09008 0.09227]\n",
      "  [0.09001 0.09106 0.08776 0.09364 0.08953 0.09016 0.09381 0.0935  0.09287 0.08798 0.08969]\n",
      "  [0.09103 0.09127 0.0884  0.08935 0.08893 0.09277 0.09111 0.09424 0.09364 0.08837 0.0909 ]\n",
      "  [0.08736 0.09049 0.09437 0.08939 0.08884 0.09442 0.09244 0.09172 0.09109 0.08879 0.09109]\n",
      "  [0.09453 0.08784 0.09091 0.09298 0.08893 0.09038 0.08881 0.08804 0.09322 0.09273 0.09163]\n",
      "  [0.09078 0.09452 0.08757 0.09266 0.08912 0.09195 0.08964 0.09138 0.08802 0.09198 0.09239]\n",
      "  [0.08793 0.08781 0.09411 0.09136 0.09065 0.08795 0.09456 0.09426 0.08963 0.09361 0.08812]\n",
      "  [0.09018 0.09449 0.09158 0.08887 0.09419 0.09006 0.09063 0.08889 0.09062 0.09078 0.08971]\n",
      "  [0.0933  0.08929 0.09389 0.09174 0.09119 0.08894 0.09308 0.08714 0.08671 0.09229 0.09243]]\n",
      "\n",
      " [[0.09008 0.09507 0.09362 0.09067 0.08703 0.0914  0.09474 0.08678 0.08763 0.0947  0.08829]\n",
      "  [0.09011 0.09066 0.09106 0.08677 0.09314 0.09358 0.0932  0.09146 0.08825 0.094   0.08778]\n",
      "  [0.08901 0.08862 0.09066 0.09266 0.08747 0.08909 0.09402 0.09143 0.09485 0.08713 0.09507]\n",
      "  [0.09102 0.08832 0.08968 0.09317 0.09392 0.08786 0.09463 0.09062 0.08999 0.08793 0.09285]\n",
      "  [0.09438 0.09464 0.09138 0.09136 0.08642 0.09351 0.0885  0.09304 0.0881  0.0926  0.08607]\n",
      "  [0.08808 0.0928  0.08844 0.09454 0.08917 0.08795 0.09196 0.09362 0.08902 0.09065 0.09376]\n",
      "  [0.09159 0.09309 0.09541 0.08893 0.09484 0.092   0.08731 0.08835 0.0893  0.09081 0.08837]\n",
      "  [0.09043 0.09415 0.09104 0.08874 0.09196 0.08857 0.08993 0.09153 0.09247 0.09272 0.08845]\n",
      "  [0.09    0.08909 0.09242 0.09311 0.09117 0.08905 0.09551 0.08718 0.08863 0.09424 0.08959]\n",
      "  [0.09281 0.08675 0.09232 0.09304 0.09137 0.08838 0.09037 0.09564 0.09198 0.08912 0.08823]\n",
      "  [0.09339 0.09001 0.09149 0.08847 0.0937  0.08784 0.08903 0.09385 0.08675 0.09356 0.09192]]\n",
      "\n",
      " [[0.09467 0.09418 0.08643 0.09266 0.08965 0.09054 0.08725 0.08919 0.09171 0.09494 0.08879]\n",
      "  [0.09231 0.09144 0.09535 0.09037 0.09216 0.08861 0.09429 0.08688 0.08668 0.09424 0.08767]\n",
      "  [0.08853 0.08883 0.09377 0.09011 0.08832 0.09111 0.09007 0.09611 0.08975 0.08839 0.095  ]\n",
      "  [0.08932 0.09079 0.08937 0.09356 0.09258 0.08792 0.09204 0.09079 0.09355 0.08594 0.09414]\n",
      "  [0.0907  0.09563 0.08884 0.09506 0.09018 0.09195 0.08802 0.08921 0.0879  0.09138 0.09112]\n",
      "  [0.09114 0.08956 0.09359 0.08792 0.08867 0.09471 0.08985 0.08879 0.09572 0.08761 0.09247]\n",
      "  [0.0883  0.09553 0.09511 0.09004 0.09302 0.08774 0.09296 0.08729 0.08726 0.0937  0.08904]\n",
      "  [0.09073 0.08792 0.09496 0.09103 0.08991 0.09491 0.08833 0.09191 0.09374 0.08777 0.0888 ]\n",
      "  [0.09086 0.08876 0.09501 0.09259 0.08918 0.09378 0.0892  0.0945  0.0879  0.09158 0.08665]\n",
      "  [0.08986 0.08879 0.08807 0.09525 0.08834 0.08851 0.09335 0.08923 0.09283 0.09198 0.09379]\n",
      "  [0.08905 0.08864 0.0902  0.09323 0.08972 0.09064 0.08918 0.09503 0.0944  0.08993 0.08998]]\n",
      "\n",
      " [[0.09062 0.0889  0.09234 0.09239 0.09231 0.09153 0.09176 0.08975 0.09131 0.09034 0.08876]\n",
      "  [0.09036 0.09486 0.09057 0.08763 0.08865 0.09194 0.09302 0.09135 0.08824 0.0942  0.08917]\n",
      "  [0.09126 0.09062 0.08751 0.0865  0.0926  0.08881 0.09199 0.0944  0.08961 0.09343 0.09327]\n",
      "  [0.09433 0.09362 0.09155 0.0887  0.0873  0.09025 0.09466 0.09059 0.0924  0.0896  0.08701]\n",
      "  [0.09246 0.08859 0.0922  0.09269 0.08974 0.09265 0.09247 0.09247 0.09153 0.08916 0.08604]\n",
      "  [0.09407 0.08731 0.093   0.09291 0.08702 0.08804 0.09126 0.08944 0.08866 0.09367 0.09461]\n",
      "  [0.09355 0.0921  0.09339 0.08893 0.08848 0.08933 0.08778 0.09092 0.09404 0.09377 0.08772]\n",
      "  [0.09074 0.09389 0.09419 0.09052 0.09207 0.09172 0.08857 0.08991 0.09242 0.08956 0.08641]\n",
      "  [0.09144 0.08903 0.08954 0.09026 0.0922  0.08971 0.09263 0.09522 0.08711 0.09534 0.08752]\n",
      "  [0.08769 0.08781 0.09244 0.09259 0.09433 0.08839 0.09197 0.09428 0.08708 0.09445 0.08897]\n",
      "  [0.09222 0.0885  0.09441 0.09385 0.0908  0.09081 0.08706 0.09179 0.08828 0.08787 0.09441]]]\n",
      "emission matrices B:\n",
      " [[[0.50114 0.49886]\n",
      "  [0.50509 0.49491]\n",
      "  [0.49612 0.50388]\n",
      "  [0.49225 0.50775]\n",
      "  [0.49956 0.50044]\n",
      "  [0.50488 0.49512]\n",
      "  [0.49645 0.50355]\n",
      "  [0.5135  0.4865 ]\n",
      "  [0.5     0.5    ]\n",
      "  [0.50988 0.49012]\n",
      "  [0.49524 0.50476]]\n",
      "\n",
      " [[0.50181 0.49819]\n",
      "  [0.49752 0.50248]\n",
      "  [0.49531 0.50469]\n",
      "  [0.49244 0.50756]\n",
      "  [0.49463 0.50537]\n",
      "  [0.48444 0.51556]\n",
      "  [0.49645 0.50355]\n",
      "  [0.50812 0.49188]\n",
      "  [0.48802 0.51198]\n",
      "  [0.49533 0.50467]\n",
      "  [0.51706 0.48294]]\n",
      "\n",
      " [[0.50423 0.49577]\n",
      "  [0.5194  0.4806 ]\n",
      "  [0.50281 0.49719]\n",
      "  [0.48382 0.51618]\n",
      "  [0.50645 0.49355]\n",
      "  [0.51604 0.48396]\n",
      "  [0.5037  0.4963 ]\n",
      "  [0.5006  0.4994 ]\n",
      "  [0.4992  0.5008 ]\n",
      "  [0.49919 0.50081]\n",
      "  [0.48629 0.51371]]\n",
      "\n",
      " [[0.50146 0.49854]\n",
      "  [0.50653 0.49347]\n",
      "  [0.49254 0.50746]\n",
      "  [0.48381 0.51619]\n",
      "  [0.49022 0.50978]\n",
      "  [0.49049 0.50951]\n",
      "  [0.5173  0.4827 ]\n",
      "  [0.50146 0.49854]\n",
      "  [0.51302 0.48698]\n",
      "  [0.49748 0.50252]\n",
      "  [0.51612 0.48388]]\n",
      "\n",
      " [[0.49325 0.50675]\n",
      "  [0.47991 0.52009]\n",
      "  [0.48969 0.51031]\n",
      "  [0.4866  0.5134 ]\n",
      "  [0.48882 0.51118]\n",
      "  [0.49594 0.50406]\n",
      "  [0.50187 0.49813]\n",
      "  [0.49193 0.50807]\n",
      "  [0.49433 0.50567]\n",
      "  [0.51411 0.48589]\n",
      "  [0.48225 0.51775]]]\n",
      "initial distributions I:\n",
      " [[0.09189 0.09454 0.09529 0.08984 0.09119 0.08791 0.09039 0.08951 0.0878  0.09318 0.08846]\n",
      " [0.08787 0.09142 0.09214 0.09091 0.09285 0.09026 0.08748 0.09361 0.08837 0.09205 0.09304]\n",
      " [0.09276 0.09097 0.08864 0.0897  0.09364 0.09461 0.09107 0.0894  0.08856 0.09107 0.08958]\n",
      " [0.09113 0.0879  0.09007 0.09067 0.09164 0.09272 0.09563 0.08946 0.0883  0.08892 0.09357]\n",
      " [0.0923  0.08991 0.09197 0.08864 0.09467 0.09482 0.09476 0.08783 0.08907 0.08769 0.08834]]\n"
     ]
    }
   ],
   "source": [
    "model = get_model(bidirectional = False, seqModelType = \"SimpleRNN\", RNNunits = 32)\n",
    "model.summary()\n",
    "model = get_model(bidirectional = False, seqModelType = \"HMM\")\n",
    "model(x)\n",
    "model.summary()\n",
    "W = model.get_layer(index=0).C\n",
    "W.print_pars()"
   ]
  },
  {
   "cell_type": "markdown",
   "metadata": {},
   "source": [
    "## Ad hoc fixed prediction method\n",
    "$$ \\hat{y} = 1 :\\Leftrightarrow \\exists j: x[j..j+10) = 1$$"
   ]
  },
  {
   "cell_type": "code",
   "execution_count": 10,
   "metadata": {},
   "outputs": [],
   "source": [
    "def adhoc_pred(x):\n",
    "    x = np.squeeze(x+.5).astype('int')\n",
    "    A = np.cumsum(x, axis=1)\n",
    "    B = np.zeros_like(A)\n",
    "    B[:,siglen:] = A[:,:-siglen]\n",
    "    yhat = np.any(A-B >= siglen, axis=1).astype('int')\n",
    "    return yhat"
   ]
  },
  {
   "cell_type": "code",
   "execution_count": 11,
   "metadata": {},
   "outputs": [],
   "source": [
    "def adhoc_acc(x_test, y_test):\n",
    "    yhat = adhoc_pred(x_test)\n",
    "    correct = (yhat == y_test).astype('int')\n",
    "    return correct.mean()"
   ]
  },
  {
   "cell_type": "markdown",
   "metadata": {},
   "source": [
    "## Train the Model"
   ]
  },
  {
   "cell_type": "code",
   "execution_count": 12,
   "metadata": {},
   "outputs": [
    {
     "data": {
      "text/plain": [
       "3"
      ]
     },
     "execution_count": 12,
     "metadata": {},
     "output_type": "execute_result"
    }
   ],
   "source": [
    "from time import time\n",
    "\n",
    "# ts = np.array(range(ell - 15, -1, -10))\n",
    "ts = np.array(range(ell - 15, 39, -20))\n",
    "\n",
    "len(ts)"
   ]
  },
  {
   "cell_type": "code",
   "execution_count": null,
   "metadata": {},
   "outputs": [
    {
     "name": "stdout",
     "output_type": "stream",
     "text": [
      "HMM dir= False \t0  lr=0.001\n",
      "transition matrices A:\n",
      " [[[0.09071 0.09378 0.09017 0.08941 0.09309 0.08931 0.09032 0.09398 0.09064 0.08956 0.08902]\n",
      "  [0.09358 0.08748 0.09213 0.09411 0.09284 0.08929 0.08923 0.08736 0.09094 0.09    0.09304]\n",
      "  [0.08941 0.09374 0.09169 0.09036 0.08828 0.09031 0.08863 0.09122 0.09194 0.09292 0.0915 ]\n",
      "  [0.09301 0.08718 0.09461 0.08919 0.0932  0.08843 0.09379 0.09145 0.09043 0.08824 0.09049]\n",
      "  [0.09292 0.09269 0.09342 0.08753 0.09165 0.09066 0.08931 0.08748 0.09254 0.09364 0.08817]\n",
      "  [0.09542 0.09318 0.08977 0.08689 0.08995 0.09302 0.08836 0.09325 0.08686 0.09521 0.08809]\n",
      "  [0.08989 0.09356 0.08919 0.08918 0.09666 0.09248 0.08789 0.09203 0.08784 0.08946 0.09183]\n",
      "  [0.09128 0.08909 0.0926  0.09514 0.09068 0.08963 0.08863 0.09095 0.09241 0.0894  0.09018]\n",
      "  [0.09657 0.09065 0.09125 0.08924 0.08819 0.08897 0.08881 0.09166 0.09449 0.0922  0.08795]\n",
      "  [0.08819 0.08635 0.09364 0.09152 0.08744 0.0943  0.09372 0.08785 0.09267 0.09192 0.0924 ]\n",
      "  [0.08819 0.08878 0.09269 0.09208 0.09122 0.09326 0.08908 0.0915  0.08994 0.09442 0.08885]]\n",
      "\n",
      " [[0.0909  0.08733 0.09033 0.08762 0.09414 0.09355 0.08848 0.08873 0.09272 0.09234 0.09386]\n",
      "  [0.0912  0.08741 0.09054 0.08941 0.09214 0.09271 0.0884  0.0934  0.08851 0.09332 0.09295]\n",
      "  [0.0938  0.09265 0.09242 0.0873  0.09342 0.09252 0.08732 0.09006 0.08829 0.08762 0.0946 ]\n",
      "  [0.09127 0.08775 0.09518 0.08739 0.09292 0.0944  0.08968 0.09448 0.08878 0.08784 0.09031]\n",
      "  [0.09157 0.08939 0.09212 0.09329 0.09413 0.08619 0.09378 0.08879 0.09032 0.09133 0.0891 ]\n",
      "  [0.09245 0.09013 0.09345 0.09194 0.08901 0.09438 0.08711 0.08814 0.08976 0.09105 0.09258]\n",
      "  [0.09269 0.09009 0.09179 0.08685 0.09475 0.08744 0.09464 0.08986 0.08999 0.09003 0.09187]\n",
      "  [0.08858 0.08852 0.09232 0.09231 0.09044 0.09467 0.09097 0.09282 0.08837 0.09291 0.08811]\n",
      "  [0.09225 0.09061 0.0949  0.09361 0.08723 0.08976 0.08683 0.09017 0.09163 0.0933  0.0897 ]\n",
      "  [0.088   0.09018 0.09428 0.08942 0.08846 0.08919 0.0961  0.08896 0.09588 0.08787 0.09166]\n",
      "  [0.08809 0.08766 0.08937 0.08885 0.0925  0.09236 0.09345 0.09254 0.09535 0.08749 0.09234]]\n",
      "\n",
      " [[0.09381 0.09098 0.09137 0.08813 0.08775 0.09115 0.09001 0.0929  0.09319 0.08711 0.0936 ]\n",
      "  [0.09216 0.09436 0.08962 0.09245 0.0946  0.08679 0.0913  0.08932 0.0907  0.09016 0.08853]\n",
      "  [0.09462 0.089   0.09042 0.08656 0.08761 0.09306 0.09011 0.0901  0.09408 0.09091 0.09353]\n",
      "  [0.09318 0.08628 0.09227 0.08995 0.09398 0.09269 0.08663 0.08819 0.09258 0.09471 0.08953]\n",
      "  [0.08853 0.08852 0.09229 0.09421 0.08954 0.09309 0.09336 0.0901  0.09437 0.0864  0.08959]\n",
      "  [0.08716 0.0898  0.09107 0.09461 0.09518 0.08932 0.09027 0.09546 0.08896 0.08778 0.09039]\n",
      "  [0.09147 0.0881  0.09228 0.09087 0.09142 0.08887 0.09148 0.08887 0.09073 0.09429 0.09161]\n",
      "  [0.08931 0.09061 0.09302 0.09025 0.08949 0.09161 0.09184 0.0942  0.09055 0.0868  0.09232]\n",
      "  [0.08824 0.09151 0.0908  0.0905  0.08945 0.09177 0.09067 0.09333 0.09203 0.09307 0.08865]\n",
      "  [0.09129 0.09102 0.093   0.09218 0.08692 0.09247 0.08915 0.08757 0.09273 0.09106 0.0926 ]\n",
      "  [0.0893  0.08988 0.09653 0.08987 0.09227 0.09229 0.08866 0.08982 0.08816 0.08909 0.09414]]\n",
      "\n",
      " [[0.09162 0.09131 0.09218 0.08795 0.0934  0.09319 0.0921  0.09263 0.08967 0.08769 0.08826]\n",
      "  [0.09091 0.0907  0.08752 0.08961 0.08816 0.09625 0.08848 0.09648 0.09061 0.09051 0.09076]\n",
      "  [0.08725 0.08807 0.09204 0.09332 0.09034 0.09328 0.09284 0.08837 0.09054 0.08899 0.09496]\n",
      "  [0.09368 0.09523 0.09036 0.08877 0.09137 0.08948 0.09131 0.08891 0.08818 0.08964 0.09308]\n",
      "  [0.08987 0.08824 0.09234 0.08767 0.09218 0.0919  0.08943 0.09231 0.0909  0.091   0.09415]\n",
      "  [0.09287 0.09472 0.09398 0.09084 0.08939 0.08807 0.09176 0.08666 0.09473 0.08976 0.08721]\n",
      "  [0.08993 0.09199 0.095   0.08849 0.08837 0.09304 0.08861 0.09283 0.09363 0.08925 0.08885]\n",
      "  [0.08793 0.09339 0.09026 0.08855 0.09099 0.09395 0.09107 0.08986 0.09292 0.08735 0.09371]\n",
      "  [0.09155 0.09085 0.09094 0.09274 0.0874  0.08619 0.08916 0.09467 0.09288 0.08929 0.09431]\n",
      "  [0.08974 0.08862 0.0917  0.09351 0.08928 0.08965 0.09072 0.09556 0.0892  0.08906 0.09296]\n",
      "  [0.0905  0.08784 0.09123 0.09263 0.09074 0.0925  0.09146 0.09371 0.09361 0.08944 0.08634]]\n",
      "\n",
      " [[0.08768 0.087   0.09244 0.09409 0.09116 0.09007 0.09573 0.09545 0.08808 0.08788 0.09043]\n",
      "  [0.08757 0.0887  0.09013 0.09416 0.09335 0.09024 0.0899  0.08964 0.09477 0.09091 0.09062]\n",
      "  [0.08951 0.09399 0.09019 0.09222 0.0899  0.08984 0.09214 0.09388 0.09009 0.09127 0.08698]\n",
      "  [0.08976 0.0945  0.09314 0.09232 0.08651 0.08779 0.08901 0.09033 0.091   0.09237 0.09328]\n",
      "  [0.09259 0.09293 0.09176 0.09205 0.08931 0.08926 0.093   0.08811 0.09155 0.08893 0.0905 ]\n",
      "  [0.0945  0.0871  0.08809 0.09321 0.0952  0.09262 0.09224 0.08797 0.09039 0.0912  0.08747]\n",
      "  [0.08625 0.08644 0.09228 0.09352 0.09384 0.09452 0.09272 0.09003 0.08959 0.08855 0.09227]\n",
      "  [0.09185 0.0927  0.09235 0.09339 0.08918 0.09129 0.08886 0.08935 0.09307 0.08705 0.09092]\n",
      "  [0.09235 0.0889  0.09352 0.09333 0.08772 0.0902  0.09287 0.08836 0.09266 0.08913 0.09095]\n",
      "  [0.0905  0.08638 0.08681 0.09002 0.09448 0.08982 0.09443 0.0949  0.09366 0.08668 0.09232]\n",
      "  [0.09351 0.08851 0.09294 0.09334 0.09421 0.09079 0.09166 0.08823 0.08579 0.09165 0.08937]]]\n",
      "emission matrices B:\n",
      " [[[0.50084 0.49916]\n",
      "  [0.49652 0.50348]\n",
      "  [0.4893  0.5107 ]\n",
      "  [0.51658 0.48342]\n",
      "  [0.51353 0.48647]\n",
      "  [0.50391 0.49609]\n",
      "  [0.51548 0.48452]\n",
      "  [0.49091 0.50909]\n",
      "  [0.50197 0.49803]\n",
      "  [0.50246 0.49754]\n",
      "  [0.50207 0.49793]]\n",
      "\n",
      " [[0.47796 0.52204]\n",
      "  [0.48548 0.51452]\n",
      "  [0.51    0.49   ]\n",
      "  [0.49004 0.50996]\n",
      "  [0.50332 0.49668]\n",
      "  [0.49315 0.50685]\n",
      "  [0.50292 0.49708]\n",
      "  [0.51674 0.48326]\n",
      "  [0.48988 0.51012]\n",
      "  [0.48738 0.51262]\n",
      "  [0.52337 0.47663]]\n",
      "\n",
      " [[0.48093 0.51907]\n",
      "  [0.48255 0.51745]\n",
      "  [0.48741 0.51259]\n",
      "  [0.51732 0.48268]\n",
      "  [0.48555 0.51445]\n",
      "  [0.50159 0.49841]\n",
      "  [0.50199 0.49801]\n",
      "  [0.50245 0.49755]\n",
      "  [0.48825 0.51175]\n",
      "  [0.48843 0.51157]\n",
      "  [0.50662 0.49338]]\n",
      "\n",
      " [[0.49859 0.50141]\n",
      "  [0.49095 0.50905]\n",
      "  [0.49942 0.50058]\n",
      "  [0.50533 0.49467]\n",
      "  [0.49165 0.50835]\n",
      "  [0.51122 0.48878]\n",
      "  [0.52005 0.47995]\n",
      "  [0.49568 0.50432]\n",
      "  [0.496   0.504  ]\n",
      "  [0.49121 0.50879]\n",
      "  [0.49466 0.50534]]\n",
      "\n",
      " [[0.49751 0.50249]\n",
      "  [0.50053 0.49947]\n",
      "  [0.50405 0.49595]\n",
      "  [0.50892 0.49108]\n",
      "  [0.50449 0.49551]\n",
      "  [0.49613 0.50387]\n",
      "  [0.51826 0.48174]\n",
      "  [0.48211 0.51789]\n",
      "  [0.49182 0.50818]\n",
      "  [0.51714 0.48286]\n",
      "  [0.50542 0.49458]]]\n",
      "initial distributions I:\n",
      " [[0.0884  0.0934  0.09132 0.09487 0.08934 0.09315 0.0867  0.09336 0.08994 0.09156 0.08798]\n",
      " [0.08916 0.09017 0.08912 0.09457 0.08933 0.09154 0.08925 0.08965 0.09584 0.08924 0.09212]\n",
      " [0.09367 0.08797 0.08838 0.0917  0.08884 0.09539 0.09146 0.09191 0.08859 0.08844 0.09364]\n",
      " [0.09221 0.08737 0.09375 0.09064 0.08728 0.09031 0.09483 0.09167 0.08957 0.0891  0.09327]\n",
      " [0.09376 0.09386 0.09306 0.09406 0.08844 0.09419 0.08995 0.08726 0.08596 0.0879  0.09156]]\n",
      "Epoch 1/20\n",
      "313/313 [==============================] - 16s 45ms/step - loss: 2.4503 - accuracy: 0.5125 - val_loss: 2.0312 - val_accuracy: 0.4100\n",
      "Epoch 2/20\n",
      "313/313 [==============================] - 14s 43ms/step - loss: 1.4957 - accuracy: 0.4979 - val_loss: 1.0643 - val_accuracy: 0.4100\n",
      "Epoch 3/20\n",
      "313/313 [==============================] - 14s 45ms/step - loss: 0.8568 - accuracy: 0.5091 - val_loss: 0.7669 - val_accuracy: 0.5500\n",
      "Epoch 4/20\n",
      "313/313 [==============================] - 13s 42ms/step - loss: 0.7250 - accuracy: 0.6316 - val_loss: 0.6995 - val_accuracy: 0.6900\n",
      "Epoch 5/20\n",
      "313/313 [==============================] - 13s 42ms/step - loss: 0.7047 - accuracy: 0.7051 - val_loss: 0.6909 - val_accuracy: 0.7200\n",
      "Epoch 6/20\n",
      "313/313 [==============================] - 13s 43ms/step - loss: 0.7050 - accuracy: 0.6984 - val_loss: 0.6895 - val_accuracy: 0.7200\n",
      "Epoch 7/20\n",
      "313/313 [==============================] - 13s 42ms/step - loss: 0.7118 - accuracy: 0.6910 - val_loss: 0.6852 - val_accuracy: 0.7200\n",
      "Epoch 8/20\n",
      "313/313 [==============================] - 13s 43ms/step - loss: 0.7036 - accuracy: 0.6894 - val_loss: 0.6821 - val_accuracy: 0.7200\n",
      "Epoch 9/20\n",
      "313/313 [==============================] - 13s 43ms/step - loss: 0.6958 - accuracy: 0.6984 - val_loss: 0.6775 - val_accuracy: 0.7100\n",
      "Epoch 10/20\n",
      "313/313 [==============================] - 13s 40ms/step - loss: 0.6914 - accuracy: 0.7018 - val_loss: 0.6723 - val_accuracy: 0.7100\n",
      "Epoch 11/20\n",
      "313/313 [==============================] - 12s 40ms/step - loss: 0.6862 - accuracy: 0.6952 - val_loss: 0.6626 - val_accuracy: 0.7200\n",
      "Epoch 12/20\n",
      "313/313 [==============================] - 12s 39ms/step - loss: 0.6827 - accuracy: 0.6977 - val_loss: 0.6561 - val_accuracy: 0.6900\n",
      "Epoch 13/20\n",
      "313/313 [==============================] - 12s 39ms/step - loss: 0.6742 - accuracy: 0.6902 - val_loss: 0.6489 - val_accuracy: 0.7000\n",
      "Epoch 14/20\n",
      "313/313 [==============================] - 12s 39ms/step - loss: 0.6609 - accuracy: 0.7084 - val_loss: 0.6400 - val_accuracy: 0.6900\n",
      "Epoch 15/20\n",
      "313/313 [==============================] - 12s 39ms/step - loss: 0.6533 - accuracy: 0.7055 - val_loss: 0.6321 - val_accuracy: 0.6900\n",
      "Epoch 16/20\n",
      "313/313 [==============================] - 12s 39ms/step - loss: 0.6576 - accuracy: 0.7065 - val_loss: 0.6363 - val_accuracy: 0.6900\n",
      "Epoch 17/20\n",
      "313/313 [==============================] - 13s 41ms/step - loss: 0.6732 - accuracy: 0.6993 - val_loss: 0.6289 - val_accuracy: 0.7300\n",
      "Epoch 18/20\n",
      "313/313 [==============================] - 16s 51ms/step - loss: 0.6611 - accuracy: 0.6928 - val_loss: 0.6353 - val_accuracy: 0.6900\n",
      "Epoch 19/20\n",
      "313/313 [==============================] - 14s 46ms/step - loss: 0.6510 - accuracy: 0.7041 - val_loss: 0.6340 - val_accuracy: 0.6900\n",
      "Epoch 20/20\n",
      "313/313 [==============================] - 18s 58ms/step - loss: 0.6723 - accuracy: 0.6974 - val_loss: 0.6366 - val_accuracy: 0.6900\n",
      "transition matrices A:\n",
      " [[[0.00135 0.00275 0.00353 0.00369 0.00302 0.00062 0.00357 0.0038  0.00118 0.97567 0.00084]\n",
      "  [0.00126 0.00227 0.00322 0.00354 0.00262 0.00047 0.00319 0.00316 0.00091 0.00084 0.97852]\n",
      "  [0.00097 0.00219 0.00287 0.00306 0.00231 0.00057 0.00288 0.00298 0.00072 0.98082 0.00065]\n",
      "  [0.00151 0.00288 0.00382 0.00422 0.00305 0.00057 0.00428 0.00419 0.00126 0.00056 0.97365]\n",
      "  [0.00094 0.00195 0.00272 0.0027  0.00222 0.00052 0.00264 0.00259 0.00067 0.98249 0.00055]\n",
      "  [0.00073 0.00139 0.00205 0.00198 0.00172 0.00044 0.00192 0.00203 0.00044 0.98688 0.0004 ]\n",
      "  [0.00118 0.00271 0.00322 0.00366 0.00287 0.00062 0.00344 0.00365 0.00078 0.00063 0.97722]\n",
      "  [0.00138 0.00288 0.00371 0.00441 0.00294 0.00058 0.00389 0.00406 0.97437 0.00073 0.00105]\n",
      "  [0.00144 0.00289 0.00358 0.00407 0.00294 0.00073 0.00389 0.00405 0.00103 0.97462 0.00076]\n",
      "  [0.00218 0.00379 0.00602 0.00524 0.00429 0.00127 0.00519 0.00526 0.00185 0.96316 0.00174]\n",
      "  [0.00188 0.0041  0.00514 0.00595 0.00434 0.00112 0.00553 0.00579 0.00137 0.96356 0.00122]]\n",
      "\n",
      " [[0.08414 0.07923 0.09785 0.07791 0.11336 0.0845  0.09699 0.09498 0.08482 0.08486 0.10136]\n",
      "  [0.08498 0.0798  0.09822 0.08078 0.10747 0.08378 0.09688 0.1014  0.0798  0.08667 0.1002 ]\n",
      "  [0.08851 0.08677 0.10046 0.07877 0.10966 0.08436 0.09306 0.09618 0.08027 0.08026 0.10169]\n",
      "  [0.08485 0.08001 0.10495 0.07793 0.10865 0.08638 0.09934 0.10218 0.07995 0.07962 0.09616]\n",
      "  [0.08504 0.08182 0.09938 0.08571 0.11051 0.07316 0.11059 0.09397 0.08181 0.08379 0.09422]\n",
      "  [0.08707 0.08378 0.10302 0.0851  0.09848 0.08775 0.09378 0.09435 0.08224 0.08458 0.09985]\n",
      "  [0.08599 0.08236 0.09854 0.07681 0.11249 0.07474 0.11361 0.0951  0.08107 0.08188 0.09741]\n",
      "  [0.083   0.0821  0.09941 0.08598 0.09976 0.08839 0.10189 0.09908 0.08043 0.08727 0.09269]\n",
      "  [0.08701 0.08451 0.10596 0.08762 0.0946  0.07988 0.09367 0.09756 0.08493 0.08763 0.09662]\n",
      "  [0.08086 0.08243 0.10311 0.08011 0.09523 0.07732 0.12073 0.09438 0.089   0.07923 0.09762]\n",
      "  [0.08239 0.08102 0.09382 0.08112 0.10393 0.08459 0.10778 0.09771 0.09023 0.08035 0.09706]]\n",
      "\n",
      " [[0.08765 0.08378 0.08262 0.09415 0.07834 0.10301 0.09986 0.10636 0.08506 0.07493 0.10423]\n",
      "  [0.08619 0.08894 0.08058 0.10072 0.08901 0.09339 0.10423 0.09887 0.08156 0.08046 0.09604]\n",
      "  [0.08888 0.08142 0.08138 0.09175 0.07835 0.10752 0.09966 0.0992  0.08692 0.08127 0.10365]\n",
      "  [0.08858 0.07933 0.08613 0.09528 0.08933 0.10496 0.09057 0.09381 0.08625 0.09025 0.09552]\n",
      "  [0.08089 0.08051 0.08394 0.10201 0.0807  0.10768 0.10798 0.09895 0.08697 0.07388 0.09649]\n",
      "  [0.08013 0.08309 0.08316 0.10218 0.09006 0.09702 0.09918 0.11159 0.07911 0.07704 0.09744]\n",
      "  [0.0857  0.08108 0.08537 0.09724 0.08468 0.09651 0.1027  0.09614 0.08219 0.08848 0.09991]\n",
      "  [0.08259 0.08394 0.08605 0.0959  0.08144 0.10238 0.1027  0.10783 0.08143 0.07525 0.10049]\n",
      "  [0.08077 0.08459 0.08192 0.0969  0.08085 0.10403 0.10091 0.10679 0.08329 0.08497 0.09499]\n",
      "  [0.08489 0.08428 0.08581 0.09963 0.07764 0.10674 0.09784 0.09404 0.08488 0.08185 0.1024 ]\n",
      "  [0.08308 0.08351 0.09278 0.09556 0.08607 0.10444 0.09535 0.09768 0.07813 0.07944 0.10397]]\n",
      "\n",
      " [[0.07041 0.09653 0.01081 0.1172  0.09995 0.12162 0.11628 0.09762 0.08987 0.09076 0.08895]\n",
      "  [0.06171 0.09464 0.00728 0.12264 0.09047 0.12878 0.11153 0.10586 0.09034 0.09425 0.0925 ]\n",
      "  [0.05227 0.0943  0.01238 0.12425 0.09799 0.11466 0.11152 0.09135 0.09687 0.09577 0.10865]\n",
      "  [0.08067 0.10266 0.00387 0.12007 0.09625 0.11533 0.11617 0.08777 0.08553 0.09359 0.09809]\n",
      "  [0.05545 0.09276 0.00376 0.12048 0.09901 0.12309 0.11564 0.09728 0.09325 0.0971  0.10218]\n",
      "  [0.08004 0.10175 0.00712 0.12459 0.0931  0.11111 0.1153  0.08365 0.1027  0.09378 0.08685]\n",
      "  [0.06268 0.09914 0.00658 0.11814 0.09311 0.12113 0.11084 0.09988 0.10219 0.09464 0.09167]\n",
      "  [0.05305 0.10032 0.00834 0.1205  0.09631 0.12487 0.11636 0.0909  0.09823 0.09069 0.10043]\n",
      "  [0.0607  0.0958  0.00315 0.13409 0.09009 0.10957 0.11323 0.10208 0.097   0.09323 0.10106]\n",
      "  [0.05774 0.09161 0.00866 0.13754 0.09239 0.11575 0.11521 0.10405 0.08743 0.09219 0.09744]\n",
      "  [0.06496 0.08985 0.01356 0.13084 0.09408 0.11921 0.1145  0.09843 0.09817 0.09216 0.08424]]\n",
      "\n",
      " [[0.00057 0.00053 0.98973 0.00106 0.00237 0.00061 0.00119 0.00079 0.00064 0.001   0.00152]\n",
      "  [0.00053 0.0005  0.00242 0.00101 0.99014 0.00057 0.00102 0.0007  0.00064 0.00099 0.00147]\n",
      "  [0.01257 0.01249 0.24642 0.09291 0.23487 0.01281 0.09193 0.01521 0.01356 0.08276 0.18447]\n",
      "  [0.01153 0.01153 0.402   0.02655 0.14373 0.01145 0.02892 0.01343 0.01255 0.02773 0.31058]\n",
      "  [0.01325 0.01248 0.27156 0.06836 0.22468 0.01291 0.083   0.01446 0.014   0.06599 0.21931]\n",
      "  [0.00062 0.00053 0.00186 0.0011  0.99026 0.00062 0.00116 0.00073 0.00065 0.0011  0.00137]\n",
      "  [0.01131 0.01053 0.32022 0.0239  0.42072 0.01274 0.02556 0.01374 0.01266 0.02138 0.12724]\n",
      "  [0.00068 0.00064 0.98868 0.00122 0.00222 0.00069 0.00123 0.00082 0.00076 0.00114 0.00193]\n",
      "  [0.00064 0.00057 0.98977 0.00114 0.00172 0.00064 0.00123 0.00077 0.00071 0.0011  0.00173]\n",
      "  [0.01056 0.00928 0.1139  0.01714 0.67926 0.01066 0.0212  0.01286 0.01175 0.01651 0.09688]\n",
      "  [0.01396 0.01222 0.3092  0.03526 0.32195 0.0137  0.04926 0.01508 0.0136  0.04114 0.17464]]]\n",
      "emission matrices B:\n",
      " [[[0.4849  0.5151 ]\n",
      "  [0.4939  0.5061 ]\n",
      "  [0.4695  0.5305 ]\n",
      "  [0.51697 0.48303]\n",
      "  [0.4966  0.5034 ]\n",
      "  [0.49062 0.50938]\n",
      "  [0.51483 0.48517]\n",
      "  [0.48854 0.51146]\n",
      "  [0.49728 0.50272]\n",
      "  [0.25976 0.74024]\n",
      "  [0.50862 0.49138]]\n",
      "\n",
      " [[0.50259 0.49741]\n",
      "  [0.50997 0.49003]\n",
      "  [0.53633 0.46367]\n",
      "  [0.51438 0.48562]\n",
      "  [0.52978 0.47022]\n",
      "  [0.51764 0.48236]\n",
      "  [0.52927 0.47073]\n",
      "  [0.54293 0.45707]\n",
      "  [0.51431 0.48569]\n",
      "  [0.51195 0.48805]\n",
      "  [0.54946 0.45054]]\n",
      "\n",
      " [[0.50473 0.49527]\n",
      "  [0.50647 0.49353]\n",
      "  [0.51129 0.48871]\n",
      "  [0.5427  0.4573 ]\n",
      "  [0.50934 0.49066]\n",
      "  [0.52702 0.47298]\n",
      "  [0.52752 0.47248]\n",
      "  [0.52794 0.47206]\n",
      "  [0.51212 0.48788]\n",
      "  [0.5122  0.4878 ]\n",
      "  [0.53205 0.46795]]\n",
      "\n",
      " [[0.5275  0.4725 ]\n",
      "  [0.52072 0.47928]\n",
      "  [0.51445 0.48555]\n",
      "  [0.53765 0.46235]\n",
      "  [0.52134 0.47866]\n",
      "  [0.54337 0.45663]\n",
      "  [0.55178 0.44822]\n",
      "  [0.5254  0.4746 ]\n",
      "  [0.52565 0.47435]\n",
      "  [0.52077 0.47923]\n",
      "  [0.5241  0.4759 ]]\n",
      "\n",
      " [[0.7879  0.2121 ]\n",
      "  [0.78724 0.21276]\n",
      "  [0.89965 0.10035]\n",
      "  [0.88857 0.11143]\n",
      "  [0.89708 0.10292]\n",
      "  [0.78903 0.21096]\n",
      "  [0.88889 0.11111]\n",
      "  [0.7881  0.2119 ]\n",
      "  [0.78954 0.21046]\n",
      "  [0.8888  0.1112 ]\n",
      "  [0.89164 0.10836]]]\n",
      "initial distributions I:\n",
      " [[0.06602 0.1402  0.06592 0.15658 0.07366 0.0689  0.14278 0.13143 0.06019 0.03703 0.0573 ]\n",
      " [0.10027 0.10137 0.07596 0.10628 0.07492 0.10263 0.07481 0.07678 0.10767 0.10023 0.07908]\n",
      " [0.10436 0.09799 0.09838 0.08026 0.09896 0.08254 0.07916 0.07962 0.09862 0.09853 0.08157]\n",
      " [0.0757  0.08861 0.18592 0.06549 0.0883  0.06688 0.07111 0.08868 0.08607 0.09049 0.09275]\n",
      " [0.12832 0.12734 0.0652  0.0611  0.06198 0.13138 0.05561 0.12925 0.12143 0.05422 0.06416]]\n",
      "1  lr=0.001\n",
      "transition matrices A:\n",
      " [[[0.08921 0.08676 0.09405 0.08948 0.09353 0.09312 0.09334 0.08734 0.08886 0.09364 0.09067]\n",
      "  [0.09313 0.09211 0.09289 0.0884  0.09115 0.09202 0.08664 0.0911  0.09066 0.09362 0.08829]\n",
      "  [0.09203 0.08744 0.09077 0.09143 0.0882  0.08872 0.08858 0.09452 0.09517 0.08896 0.09419]\n",
      "  [0.09011 0.09103 0.09306 0.08892 0.09582 0.08689 0.09232 0.09138 0.09145 0.08704 0.09197]\n",
      "  [0.08763 0.09066 0.08877 0.09477 0.09478 0.08854 0.096   0.08845 0.09128 0.09152 0.08759]\n",
      "  [0.09336 0.09574 0.08745 0.08786 0.09042 0.09055 0.09077 0.0907  0.08723 0.09449 0.09142]\n",
      "  [0.09344 0.08796 0.08881 0.09044 0.09337 0.09408 0.08914 0.09164 0.09515 0.08724 0.08874]\n",
      "  [0.08916 0.08898 0.09451 0.09498 0.08799 0.08871 0.0932  0.0921  0.09248 0.08992 0.08798]\n",
      "  [0.08755 0.08763 0.09337 0.08865 0.09066 0.09241 0.09062 0.09039 0.0948  0.09056 0.09335]\n",
      "  [0.08828 0.08888 0.09302 0.08681 0.08926 0.09467 0.09144 0.0917  0.09269 0.09063 0.09263]\n",
      "  [0.08951 0.08947 0.09026 0.09273 0.08898 0.08863 0.09358 0.09016 0.0955  0.08869 0.09248]]\n",
      "\n",
      " [[0.08843 0.09426 0.08857 0.09515 0.09186 0.08864 0.08729 0.09362 0.08704 0.09219 0.09296]\n",
      "  [0.08778 0.08795 0.09073 0.09063 0.09415 0.0931  0.09167 0.0941  0.08818 0.08868 0.09303]\n",
      "  [0.09363 0.08993 0.08806 0.09169 0.0881  0.08987 0.09298 0.09293 0.09099 0.09163 0.0902 ]\n",
      "  [0.08624 0.09391 0.08788 0.09485 0.09481 0.09093 0.09312 0.09042 0.08689 0.08704 0.09392]\n",
      "  [0.08984 0.09144 0.09009 0.08796 0.09371 0.0944  0.09081 0.09059 0.09144 0.0887  0.09102]\n",
      "  [0.09329 0.09239 0.09388 0.08851 0.08779 0.0884  0.08884 0.08912 0.09431 0.09047 0.093  ]\n",
      "  [0.09352 0.08835 0.08967 0.09098 0.08887 0.0952  0.08919 0.0886  0.09173 0.09443 0.08947]\n",
      "  [0.09257 0.09144 0.0896  0.09192 0.09379 0.08727 0.09356 0.09004 0.0931  0.08767 0.08904]\n",
      "  [0.09222 0.09054 0.09089 0.08717 0.08686 0.09118 0.09541 0.09181 0.08939 0.09337 0.09114]\n",
      "  [0.08864 0.09405 0.08812 0.08993 0.09127 0.08956 0.0945  0.09263 0.0925  0.08701 0.09179]\n",
      "  [0.0866  0.08793 0.09486 0.08967 0.08697 0.09324 0.08672 0.09486 0.09351 0.09524 0.09041]]\n",
      "\n",
      " [[0.09256 0.09327 0.0904  0.08707 0.09167 0.09029 0.09358 0.09155 0.08659 0.08887 0.09415]\n",
      "  [0.09064 0.09182 0.0931  0.08879 0.0895  0.09435 0.08794 0.09455 0.08898 0.09404 0.0863 ]\n",
      "  [0.09444 0.09338 0.09239 0.08938 0.09218 0.08665 0.09078 0.08955 0.08901 0.08852 0.09372]\n",
      "  [0.09437 0.09344 0.08836 0.08898 0.08675 0.09431 0.09288 0.09327 0.09059 0.08846 0.08859]\n",
      "  [0.09179 0.09029 0.09185 0.09211 0.09392 0.09032 0.08946 0.08863 0.08949 0.09402 0.08811]\n",
      "  [0.09537 0.093   0.09228 0.09308 0.08891 0.08709 0.08911 0.09087 0.08665 0.09496 0.08867]\n",
      "  [0.08913 0.09214 0.0904  0.09258 0.08799 0.08838 0.08797 0.08887 0.09607 0.09381 0.09265]\n",
      "  [0.09259 0.09091 0.08915 0.08922 0.09288 0.09222 0.08948 0.0916  0.0922  0.09078 0.08897]\n",
      "  [0.08966 0.08789 0.08707 0.09172 0.08996 0.09489 0.09013 0.09282 0.09225 0.08915 0.09445]\n",
      "  [0.09378 0.09056 0.0875  0.08883 0.09229 0.09102 0.09481 0.09098 0.09236 0.09066 0.08721]\n",
      "  [0.09436 0.09208 0.09113 0.09472 0.09058 0.08792 0.08996 0.08936 0.0884  0.08903 0.09246]]\n",
      "\n",
